3363
3422
3671
4092
4482
4488
4756
4764
5156
5227
5367
5394
5395
5703
5748
6063
6114
6542
6664
6787
6937
7703
8432
10141
10370
10612
11441
11532
12108
12180
12187
12541
13533
13864
13983
14038
14092
14104
14324
14426
24093
3352
6686
7346
6678
7752
5463
8407
17116
17203
16575
7125
17351
7934
17459
4055
16741
15853
3614
23436
17617
17818
13510
8287
4167
7099
34761
3695
4416
3556
8310
3836
11623
12422
3346
11570
7936
11474
8302
12029
11571
11472
14244
11622
7705
7098
11750
4420
6279
5619
12353
3978
5534
4778
4530
11453
5849
5802
5217
16325
4043
5260
5485
24246
15791
7086
4969
5107
16033
4468
5475
15541
11016
3919
3730
13799
3374
3419
3415
14339
16394
14239
10158
3327
23406
23361
3633
23360
10149
10140
23404
23381
14367
23519
29119
23711
19336
14378
17715
30486
17848
14241
32174
33373
33375
33377
33493
33486
33488
33479
33389
33379
33383
33397
33418
33430
33420
14240
7611
23373
9183
17074
8004
17162
17175
17200
16634
17342
17349
17486
17449
7995
16990
17126
17490
17529
17528
16558
17604
13709
10839
9574
17712
17799
7625
16889
16450
18306
19102
19140
8600
17020
6984
19350
18620
16218
19398
18653
13791
16239